[gd_scene load_steps=4 format=3 uid="uid://ktu4mwala53"]

[ext_resource type="PackedScene" uid="uid://13676pv2gu7v" path="res://Arena_02.fbx" id="1_csswv"]
[ext_resource type="PackedScene" uid="uid://b7cybsrtj67rb" path="res://Scenes/Floor/floor.tscn" id="1_ct1j1"]
[ext_resource type="Script" path="res://Scenes/CoreScenes/Stages/BaseStage.gd" id="1_nm4ix"]

[node name="BaseStage" type="Node3D" node_paths=PackedStringArray("player_one_spawn_point", "player_two_spawn_point", "player_three_spawn_point", "player_four_spawn_point", "team_one_bubble_spawn_point", "team_two_bubble_spawn_point")]
script = ExtResource("1_nm4ix")
player_one_spawn_point = NodePath("SpawnPointPlayer1")
player_two_spawn_point = NodePath("SpawnPointPlayer2")
player_three_spawn_point = NodePath("SpawnPointPlayer3")
player_four_spawn_point = NodePath("SpawnPointPlayer4")
team_one_bubble_spawn_point = NodePath("LeftTeamBubbleSpawnPoint")
team_two_bubble_spawn_point = NodePath("RightTeamBubbleSpawnPoint")

[node name="LeftBubbleArea" parent="." instance=ExtResource("1_ct1j1")]
transform = Transform3D(1, 0, 0, 0, 1, 0, 0, 0, 1, 0, 0, -0.178112)

[node name="LeftBubbleArea2" parent="." instance=ExtResource("1_ct1j1")]
transform = Transform3D(1, 0, 0, 0, 1, 0, 0, 0, 1, 0, 0, 11.9803)

[node name="Arena" parent="." instance=ExtResource("1_csswv")]

[node name="SpawnPointPlayer1" type="Node3D" parent="."]
transform = Transform3D(0.947244, 0.152365, -0.281982, 3.08477e-08, 0.879782, 0.475377, 0.320514, -0.450298, 0.833368, 1.72582, 0.985853, 2.26319)

[node name="SpawnPointPlayer2" type="Node3D" parent="."]
transform = Transform3D(0.947244, 0.152365, -0.281982, 3.08477e-08, 0.879782, 0.475377, 0.320514, -0.450298, 0.833368, 1.95729, 0.29004, 9.84188)

[node name="SpawnPointPlayer3" type="Node3D" parent="."]
transform = Transform3D(0.947244, 0.152365, -0.281982, 3.08477e-08, 0.879782, 0.475377, 0.320514, -0.450298, 0.833368, -1.40282, -4.40966, -2.69879)

[node name="SpawnPointPlayer4" type="Node3D" parent="."]
transform = Transform3D(0.947244, 0.152365, -0.281982, 3.08477e-08, 0.879782, 0.475377, 0.320514, -0.450298, 0.833368, -1.16685, -23.0497, 14.7823)

[node name="LeftTeamBubbleSpawnPoint" type="Node3D" parent="."]
transform = Transform3D(0.947244, 0.152365, -0.281982, 3.08477e-08, 0.879782, 0.475377, 0.320514, -0.450298, 0.833368, 0, 0.642836, -3.09192)

[node name="RightTeamBubbleSpawnPoint" type="Node3D" parent="."]
transform = Transform3D(0.947244, 0.152365, -0.281982, 0.245934, -0.909701, 0.334604, -0.205538, -0.386301, -0.899181, 0, 0.401297, 14.6759)
