[gd_scene load_steps=6 format=3 uid="uid://djd0sn88v1h6n"]

[ext_resource type="PackedScene" uid="uid://cy7vpsr253j7a" path="res://Scenes/CoreScenes/Characters/PlayerCharacter.tscn" id="1_p8xwq"]
[ext_resource type="Shader" path="res://Shaders/StylizedOutline.gdshader" id="2_be1wf"]
[ext_resource type="PackedScene" uid="uid://ktu4mwala53" path="res://Scenes/CoreScenes/Stages/BaseStage.tscn" id="2_gq3wh"]

[sub_resource type="ShaderMaterial" id="ShaderMaterial_vekdr"]
render_priority = 0
shader = ExtResource("2_be1wf")
shader_parameter/shadow_color = Color(0, 0, 0, 1)
shader_parameter/shadow_thickness = 2.0

[sub_resource type="QuadMesh" id="QuadMesh_pwl38"]
material = SubResource("ShaderMaterial_vekdr")
size = Vector2(10, 10)

[node name="SolomarTestScene" type="Node3D"]

[node name="Camera3D" type="Camera3D" parent="."]
transform = Transform3D(-4.37114e-08, 0.766044, -0.642788, 0, 0.642788, 0.766044, 1, 3.34849e-08, -2.80972e-08, -12.44, 15.93, 12.5)
current = true
fov = 80.0
near = 0.1
far = 1000.0

[node name="MeshInstance3D" type="MeshInstance3D" parent="Camera3D"]
transform = Transform3D(1, -1.42109e-14, 5.32907e-15, 0, 1, -9.40829e-16, 0, -9.40829e-16, 1, 0, 0.15034, -0.817583)
mesh = SubResource("QuadMesh_pwl38")

[node name="PlayerCharacter" parent="." instance=ExtResource("1_p8xwq")]
transform = Transform3D(1, 0, 0, 0, 1, 0, 0, 0, 1, 0, 1, 0)
axis_lock_linear_y = true
axis_lock_linear_z = false
axis_lock_angular_x = false
axis_lock_angular_y = false

[node name="Camera3D2" type="Camera3D" parent="."]
transform = Transform3D(1, 0, 0, 0, 0.809335, 0.587347, 0, -0.587347, 0.809335, 0, 8.63974, 9.82237)

[node name="DirectionalLight3D" type="DirectionalLight3D" parent="."]
transform = Transform3D(0.618093, 0.373697, -0.691601, 0, 0.879781, 0.475379, 0.786105, -0.293828, 0.543787, 0, 3.66994, 12.0142)
shadow_enabled = true

[node name="BaseStage" parent="." instance=ExtResource("2_gq3wh")]
transform = Transform3D(2, 0, 0, 0, 2, 0, 0, 0, 2, 0, 0, 0.54678)
